変換前の配置図
[[2. 0. 2. 2. 0. 2. 2. 0. 2. 2. 0.]
 [0. 3. 0. 0. 3. 0. 0. 3. 0. 2. 3.]
 [2. 0. 2. 2. 0. 2. 2. 0. 2. 2. 0.]
 [2. 0. 2. 2. 0. 2. 2. 0. 2. 2. 0.]
 [0. 3. 0. 0. 3. 0. 0. 3. 0. 2. 3.]
 [2. 0. 2. 2. 0. 2. 2. 0. 2. 2. 0.]]
[[ 0.  1.]
 [ 1.  0.]
 [ 1.  2.]
 [ 2.  1.]
 [ 0.  4.]
 [ 1.  3.]
 [ 1.  5.]
 [ 2.  4.]
 [ 0.  7.]
 [ 1.  6.]
 [ 1.  8.]
 [ 2.  7.]
 [ 0. 10.]
 [ 2. 10.]
 [ 3.  1.]
 [ 4.  0.]
 [ 4.  2.]
 [ 5.  1.]
 [ 3.  4.]
 [ 4.  3.]
 [ 4.  5.]
 [ 5.  4.]
 [ 3.  7.]
 [ 4.  6.]
 [ 4.  8.]
 [ 5.  7.]
 [ 3. 10.]
 [ 5. 10.]]
32640608
0.15584415584415584
40116600
[[2. 0. 2. 2. 0. 2. 2. 0. 2. 2. 0.]
 [0. 3. 1. 0. 3. 1. 1. 3. 0. 2. 3.]
 [2. 1. 2. 2. 1. 2. 2. 1. 2. 2. 1.]
 [2. 1. 2. 2. 1. 2. 2. 1. 2. 2. 1.]
 [0. 3. 1. 0. 3. 1. 1. 3. 0. 2. 3.]
 [2. 0. 2. 2. 0. 2. 2. 0. 2. 2. 0.]]
processing time2184.384733915329